Water Moderated, Water Reflected, Phenix Pin Critical Assembly
c -------------------------------------------------------------
c                  Type 2 Phenix Pin Universe                 
c -------------------------------------------------------------
    11     1 -10.9700   (-7 14 -15) u=2 imp:n=1  $  UO2 Upper Pellet
    12     1 -10.9700   (6 -7 8 -13) u=2 imp:n=1  $  UO2 Lower Pellet
    13     2 -10.4672   (-7 13 -14) u=2 imp:n=1  $  MOX Fuel
    14     4 -8.00000   (4 5 8 -3) u=2 imp:n=1  $  Cladding
    15     5 -0.99765   (4 -10 11) u=2 imp:n=1  $  Water
    16     6 -0.00121   (10 -3 4) u=2 imp:n=1  $  Air above water
    17     6 -0.00121   (8 -15 -5 7) u=2 imp:n=1  $  Air between fuel and cladding
    18     4 -8.00000   (-4 11 -8) u=2 imp:n=1  $  Bottom cap of pin
c -------------------------------------------------------------
c                  Type 3 Phenix Pin Universe
c -------------------------------------------------------------
    21     1 -10.9700   (-7 14 -15) u=3 imp:n=1  $  UO2 Upper Pellet
    22     1 -10.9700   (6 -7 8 -13) u=3 imp:n=1  $  UO2 Lower Pellet
    23     3 -10.5313   (-7 13 -14) u=3 imp:n=1  $  MOX fuel
    24     4 -8.00000   (4 5 8 -3) u=3 imp:n=1  $  Cladding
    25     5 -0.99765   (4 -10 11) u=3 imp:n=1  $  Water
    26     6 -0.00121   (10 -3 4) u=3 imp:n=1  $  Air above water
    27     6 -0.00121   (8 -15 -5 7) u=3 imp:n=1  $  Air between fuel and cladding
    28     4 -8.00000   (-4 11 -8) u=3 imp:n=1  $  Bottom cap of pin
c -------------------------------------------------------------
c                        Water Universe                       
c -------------------------------------------------------------
    31     5 -0.99765   (-10 11) u=1 imp:n=1
    32     6 -0.00121   (10 -3) u=1 imp:n=1
c -------------------------------------------------------------
c                           Lattice (filled with only water and air)
c -------------------------------------------------------------
    100 0 -10 u=10 lat=2 imp:n=1 fill -20:20 -20:20 0:0
1 1 1 1 1 1 1 1 1 1 1 1 1 1 1 1 1 1 1 1  1  1 1 1 1 1 1 1 1 1 1 1 1 1 1 1 1
      1 1 1 1
1 1 1 1 1 1 1 1 1 1 1 1 1 1 1 1 1 1 1 1  1  1 1 1 1 1 1 1 1 1 1 1 1 1 1 1 1
      1 1 1 1
1 1 1 1 1 1 1 1 1 1 1 1 1 1 1 1 1 1 1 1  1  1 1 1 1 1 1 1 1 1 1 1 1 1 1 1 1
      1 1 1 1
1 1 1 1 1 1 1 1 1 1 1 1 1 1 1 1 1 1 1 1  1  1 1 1 1 1 1 1 1 1 1 1 1 1 1 1 1
      1 1 1 1
1 1 1 1 1 1 1 1 1 1 1 1 1 1 1 1 1 1 1 1  1  1 1 1 1 1 1 1 1 1 1 1 1 1 1 1 1
      1 1 1 1
1 1 1 1 1 1 1 1 1 1 1 1 1 1 1 1 1 1 1 1  1  1 1 1 1 1 1 1 1 1 1 1 1 1 1 1 1
      1 1 1 1
1 1 1 1 1 1 1 1 1 1 1 1 1 1 1 1 1 1 1 1  1  1 1 1 1 1 1 1 1 1 1 1 1 1 1 1 1
      1 1 1 1
1 1 1 1 1 1 1 1 1 1 1 1 1 1 1 1 1 1 1 1  1  1 1 1 1 1 1 1 1 1 1 1 1 1 1 1 1
      1 1 1 1
1 1 1 1 1 1 1 1 1 1 1 1 1 1 1 1 1 1 1 1  1  1 1 1 1 1 1 1 1 1 1 1 1 1 1 1 1
      1 1 1 1
1 1 1 1 1 1 1 1 1 1 1 1 1 1 1 1 1 1 1 1  1  1 1 1 1 1 1 1 1 1 1 1 1 1 1 1 1
      1 1 1 1
1 1 1 1 1 1 1 1 1 1 1 1 1 1 1 1 1 1 1 1  1  1 1 1 1 1 1 1 1 1 1 1 1 1 1 1 1
      1 1 1 1
1 1 1 1 1 1 1 1 1 1 1 1 1 1 1 1 1 1 1 1  1  1 1 1 1 1 1 1 1 1 1 1 1 1 1 1 1
      1 1 1 1
1 1 1 1 1 1 1 1 1 1 1 1 1 1 1 1 1 1 1 1  1  1 1 1 1 1 1 1 1 1 1 1 1 1 1 1 1
      1 1 1 1
1 1 1 1 1 1 1 1 1 1 1 1 1 1 1 1 1 1 1 1  1  1 1 1 1 1 1 1 1 1 1 1 1 1 1 1 1
      1 1 1 1
1 1 1 1 1 1 1 1 1 1 1 1 1 1 1 1 1 1 1 1  1  1 1 1 1 1 1 1 1 1 1 1 1 1 1 1 1
      1 1 1 1
1 1 1 1 1 1 1 1 1 1 1 1 1 1 1 1 1 1 1 1  1  1 1 1 1 1 1 1 1 1 1 1 1 1 1 1 1
      1 1 1 1
1 1 1 1 1 1 1 1 1 1 1 1 1 1 1 1 1 1 1 1  1  1 1 1 1 1 1 1 1 1 1 1 1 1 1 1 1
      1 1 1 1
1 1 1 1 1 1 1 1 1 1 1 1 1 1 1 1 1 1 1 1  1  1 1 1 1 1 1 1 1 1 1 1 1 1 1 1 1
      1 1 1 1
1 1 1 1 1 1 1 1 1 1 1 1 1 1 1 1 1 1 1 1  1  1 1 1 1 1 1 1 1 1 1 1 1 1 1 1 1
      1 1 1 1
1 1 1 1 1 1 1 1 1 1 1 1 1 1 1 1 1 1 1 1  1  1 1 1 1 1 1 1 1 1 1 1 1 1 1 1 1
      1 1 1 1
c
1 1 1 1 1 1 1 1 1 1 1 1 1 1 1 1 1 1 1 1  1  1 1 1 1 1 1 1 1 1 1 1 1 1 1 1 1
      1 1 1 1
c
1 1 1 1 1 1 1 1 1 1 1 1 1 1 1 1 1 1 1 1  1  1 1 1 1 1 1 1 1 1 1 1 1 1 1 1 1
      1 1 1 1
1 1 1 1 1 1 1 1 1 1 1 1 1 1 1 1 1 1 1 1  1  1 1 1 1 1 1 1 1 1 1 1 1 1 1 1 1
      1 1 1 1
1 1 1 1 1 1 1 1 1 1 1 1 1 1 1 1 1 1 1 1  1  1 1 1 1 1 1 1 1 1 1 1 1 1 1 1 1
      1 1 1 1
1 1 1 1 1 1 1 1 1 1 1 1 1 1 1 1 1 1 1 1  1  1 1 1 1 1 1 1 1 1 1 1 1 1 1 1 1
      1 1 1 1
1 1 1 1 1 1 1 1 1 1 1 1 1 1 1 1 1 1 1 1  1  1 1 1 1 1 1 1 1 1 1 1 1 1 1 1 1
      1 1 1 1
1 1 1 1 1 1 1 1 1 1 1 1 1 1 1 1 1 1 1 1  1  1 1 1 1 1 1 1 1 1 1 1 1 1 1 1 1
      1 1 1 1
1 1 1 1 1 1 1 1 1 1 1 1 1 1 1 1 1 1 1 1  1  1 1 1 1 1 1 1 1 1 1 1 1 1 1 1 1
      1 1 1 1
1 1 1 1 1 1 1 1 1 1 1 1 1 1 1 1 1 1 1 1  1  1 1 1 1 1 1 1 1 1 1 1 1 1 1 1 1
      1 1 1 1
1 1 1 1 1 1 1 1 1 1 1 1 1 1 1 1 1 1 1 1  1  1 1 1 1 1 1 1 1 1 1 1 1 1 1 1 1
      1 1 1 1
1 1 1 1 1 1 1 1 1 1 1 1 1 1 1 1 1 1 1 1  1  1 1 1 1 1 1 1 1 1 1 1 1 1 1 1 1
      1 1 1 1
1 1 1 1 1 1 1 1 1 1 1 1 1 1 1 1 1 1 1 1  1  1 1 1 1 1 1 1 1 1 1 1 1 1 1 1 1
      1 1 1 1
1 1 1 1 1 1 1 1 1 1 1 1 1 1 1 1 1 1 1 1  1  1 1 1 1 1 1 1 1 1 1 1 1 1 1 1 1
      1 1 1 1
1 1 1 1 1 1 1 1 1 1 1 1 1 1 1 1 1 1 1 1  1  1 1 1 1 1 1 1 1 1 1 1 1 1 1 1 1
      1 1 1 1
1 1 1 1 1 1 1 1 1 1 1 1 1 1 1 1 1 1 1 1  1  1 1 1 1 1 1 1 1 1 1 1 1 1 1 1 1
      1 1 1 1
1 1 1 1 1 1 1 1 1 1 1 1 1 1 1 1 1 1 1 1  1  1 1 1 1 1 1 1 1 1 1 1 1 1 1 1 1
      1 1 1 1
1 1 1 1 1 1 1 1 1 1 1 1 1 1 1 1 1 1 1 1  1  1 1 1 1 1 1 1 1 1 1 1 1 1 1 1 1
      1 1 1 1
1 1 1 1 1 1 1 1 1 1 1 1 1 1 1 1 1 1 1 1  1  1 1 1 1 1 1 1 1 1 1 1 1 1 1 1 1
      1 1 1 1
1 1 1 1 1 1 1 1 1 1 1 1 1 1 1 1 1 1 1 1  1  1 1 1 1 1 1 1 1 1 1 1 1 1 1 1 1
      1 1 1 1
1 1 1 1 1 1 1 1 1 1 1 1 1 1 1 1 1 1 1 1  1  1 1 1 1 1 1 1 1 1 1 1 1 1 1 1 1
      1 1 1 1
1 1 1 1 1 1 1 1 1 1 1 1 1 1 1 1 1 1 1 1  1  1 1 1 1 1 1 1 1 1 1 1 1 1 1 1 1
      1 1 1 1
c -------------------------------------------------------------
c                           Basket
c -------------------------------------------------------------
    2      0            (-2 11 -3) imp:n=1 fill=10

    1     so  2000.0  $  Experiment boundary
    2     cz  24.750  $  Outside cylindrical surface of basket
    3     pz  98.650  $  Top surface of pins
    4     cz  0.6550  $  Outside cylindrical surface of cladding
    5     cz  0.5650  $  Inside cylindrical surface of cladding
    6     cz  0.2000  $  Inside cylindrical surface of UO2 pellet
    7     cz  0.5420  $  Outside cylindrical surface of fuel pellets  
    8     pz  0.4000  $  Bottom of lower UO2 pellet  
    9    hex  0 0 0.150 0 0 98.65 1.3 
   10     pz  84.29   $  Top surface of water
   11     pz  0.150   $  Top surface of lower plate
   12     pz -0.150   $  Bottom surface of lower plate
   13     pz  1.250   $  Top of lower UO2 pellet
   14     pz  86.25   $  Top of MOX fuel rod
   15     pz  87.75   $  Top of upper UO2 pellet

c -------------------------------------------------------------
c                    UO2, Natural Enrichment
c                          10.97 g/cm3                         
c -------------------------------------------------------------
m1  8016.00c  -6.650467e-01
    8017.00c  -2.533333e-04
    8018.00c  -1.366667e-03
   92234.00c  -1.800000e-05
   92235.00c  -2.401333e-03
   92238.00c  -3.309140e-01
c -------------------------------------------------------------
c                      UO2-PuO2, Type 2 Pin (need to calculate composition)
c
c -------------------------------------------------------------
m2 92235.00c  -1
c -------------------------------------------------------------
c                      UO2-PuO2, Type 3 Pin (need to calculate composition)
c
c -------------------------------------------------------------
m3 92235.00c  -1
c -------------------------------------------------------------
c                      Stainless Steel 316L
c                            8 g/cm3                         
c -------------------------------------------------------------
m4  6000.00c  -0.000300000
   25055.00c  -0.020000000
   15031.00c  -0.000450000
   16032.00c  -0.000284400
   16033.00c  -0.000002300
   16034.00c  -0.000013110
   16036.00c  -0.000000048
c -------------------------------------------------------------
c                        Water at 21.5°C
c                         0.99765 g/cm3
c -------------------------------------------------------------
m5  1001.00c  -6.665900e-01
    1002.00c  -7.666667e-05
    8016.00c  -3.325233e-01
    8017.00c  -1.266667e-04
    8018.00c  -6.833333e-04
c -------------------------------------------------------------
c                              Air (need to calculate composition)
c                         0.00121 g/cm3                        
c -------------------------------------------------------------
m6  8016.00c  -1
